252478
25069
2527
237
22
252478
25069
2527
237
22
25334
2419
233
21
3
25290
2538
263
20
1
25197
2434
259
18
2
25146
2454
231
22
2
25228
2523
266
19
3
25346
2509
228
19
1
25167
2580
260
23
3
25322
2590
272
31
2
25200
2532
260
36
2
25248
2490
255
28
3
12776
1242
123
11
1
12558
1177
110
10
2
12673
1262
140
10
0
12617
1276
123
10
1
12556
1198
117
5
1
12641
1236
142
13
1
12569
1219
129
12
2
12577
1235
102
10
0
12683
1254
130
8
2
12545
1269
136
11
1
12612
1278
124
8
0
12734
1231
104
11
1
12639
1293
139
15
3
12528
1287
121
8
0
12627
1326
137
19
2
12695
1264
135
12
0
12687
1292
138
18
1
12513
1240
122
18
1
12656
1250
127
17
1
12592
1240
128
11
2
5122
475
45
3
1
5143
527
50
6
0
5032
480
43
4
0
5018
472
50
4
1
5019
465
45
4
1
5076
507
56
2
0
5063
488
54
4
0
5054
518
54
6
0
5095
508
52
5
1
5002
517
47
3
0
4973
474
55
3
1
5033
473
39
1
0
5025
514
53
2
0
5082
488
57
5
0
5084
485
55
7
1
5028
505
46
5
1
5001
460
54
5
1
5105
484
43
2
0
4993
505
45
2
0
5019
500
43
8
0
5077
509
46
4
1
5006
485
53
3
0
5095
534
63
3
1
4961
482
54
4
0
5088
513
50
5
1
4916
487
43
3
0
5197
517
51
2
0
5085
527
56
5
0
5055
465
32
2
0
5092
513
46
7
1
5053
538
52
4
1
5032
495
62
8
2
5066
523
49
7
0
4995
506
46
2
0
5022
518
51
2
0
5029
554
69
11
1
5024
518
38
5
1
5162
495
65
7
0
5039
506
49
3
0
5066
517
51
5
0
5107
515
49
5
0
5050
530
72
11
1
4973
503
43
6
0
4976
477
44
7
0
5096
506
52
7
1
5023
482
47
7
0
5088
518
56
7
1
5047
506
48
5
0
5004
507
52
6
1
5087
478
52
3
1
2549
234
21
1
0
2573
241
24
2
1
2580
286
26
2
0
2563
241
24
4
0
2511
240
28
2
0
2521
240
15
2
0
2524
236
29
2
0
2494
236
21
2
1
2553
216
19
3
1
2466
249
26
1
0
2471
260
33
2
0
2605
247
23
0
0
2574
239
29
3
0
2489
249
25
1
0
2534
267
30
4
0
2520
251
24
2
0
2577
272
31
1
0
2518
236
21
4
1
2505
262
24
0
0
2497
255
23
3
0
2479
236
26
0
0
2494
238
29
3
1
2553
243
16
0
0
2480
230
23
1
0
2547
251
23
1
0
2478
263
30
1
0
2535
258
29
4
0
2547
230
28
1
0
2522
245
29
4
1
2562
240
26
3
0
2531
256
22
3
1
2497
249
24
2
0
2514
212
23
3
1
2487
248
31
2
0
2538
254
29
2
0
2567
230
14
0
0
2594
269
30
2
0
2399
236
15
0
0
2502
253
23
3
0
2517
247
20
5
0
2517
258
16
1
0
2560
251
30
3
1
2501
216
22
1
0
2505
269
31
2
0
2598
260
31
1
1
2497
274
32
2
0
2486
241
27
1
0
2475
241
27
3
0
2500
253
22
2
0
2588
260
28
3
1
2439
260
23
1
0
2477
227
20
2
0
2626
254
26
2
0
2571
263
25
0
0
2498
274
30
3
0
2587
253
26
2
0
2566
218
18
0
0
2489
247
14
2
0
2541
264
23
4
1
2551
249
23
3
0
2480
261
22
3
1
2573
277
30
1
0
2480
231
31
2
0
2552
264
31
6
2
2555
260
25
3
0
2511
263
24
4
0
2433
242
28
2
0
2562
264
18
0
0
2475
258
34
1
0
2547
260
17
1
0
2487
258
26
3
0
2542
296
43
8
1
2543
265
18
3
1
2481
253
20
2
0
2571
254
30
3
0
2591
241
35
4
0
2507
234
17
1
0
2532
272
32
2
0
2540
264
30
3
0
2526
253
21
2
0
2572
270
26
4
0
2535
245
23
1
0
2523
260
37
6
1
2527
270
35
5
0
2530
247
17
2
0
2443
256
26
4
0
2492
246
22
5
0
2484
231
22
2
0
2578
267
24
4
0
2518
239
28
3
1
2479
250
22
4
0
2544
232
25
3
0
2571
272
27
3
1
2517
246
29
4
0
2546
251
24
3
0
2501
255
24
2
0
2489
256
27
3
0
2515
251
25
3
1
2540
261
26
3
1
2547
217
26
0
0
