18463
21102
2161
1890
1871
1910
1913
2979
2436
2358
2842
2425
1059
987
1018
968
991
962
1008
965
973
973
980
978
985
1039
987
990
978
987
958
1045
460
507
432
505
414
440
446
428
465
488
433
447
430
483
517
651
458
480
517
471
464
497
596
708
486
572
474
519
471
511
565
663
475
641
447
461
451
441
504
572
577
439
419
433
442
419
506
464
423
472
324
272
294
268
246
362
334
322
266
314
259
282
265
265
265
267
283
275
349
259
330
288
373
294
251
353
249
250
300
263
359
282
353
258
272
248
279
294
285
304
263
291
248
280
278
253
247
302
251
251
355
272
290
246
280
246
247
308
229
228
248
246
301
260
280
256
259
258
266
361
252
309
250
247
250
247
285
264
246
265
278
266
253
348
250
368
262
324
299
294
251
262
249
263
266
262
284
251
298
294
